=======================Simulation Results======================
===============================================================
Golden   Golden           Actual      Actual          Result   
Model    Model            Model       Model                    
RAddr    RData            RAddr       RData                    
===============================================================
185        00000000        185        00000000        pass       
143        00000000        143        00000000        pass       
105        00000000        105        00000000        pass       
211        00000000        211        00000000        pass       
293        00000000        293        00000000        pass       
26         00000000        26         00000000        pass       
416        00000000        416        00000000        pass       
216        00000000        216        00000000        pass       
337        00000000        337        00000000        pass       
252        00000000        252        00000000        pass       
131        00000000        131        00000000        pass       
241        00000000        241        00000000        pass       
266        00000000        266        00000000        pass       
364        00000000        364        00000000        pass       
39         00000000        39         00000000        pass       
70         00000000        70         00000000        pass       
114        00000000        114        00000000        pass       
104        00000000        104        00000000        pass       
94         00000000        94         00000000        pass       
319        00000000        319        00000000        pass       
94         00000000        94         00000000        pass       
201        00000000        201        00000000        pass       
35         00000000        35         00000000        pass       
14         00000000        14         00000000        pass       
155        00000000        155        00000000        pass       
189        00000000        189        00000000        pass       
285        00000000        285        00000000        pass       
364        00000000        364        00000000        pass       
343        00000000        343        00000000        pass       
135        00000000        135        00000000        pass       
84         00000000        84         00000000        pass       
45         00000000        45         00000000        pass       
160        00000000        160        00000000        pass       
286        00000000        286        00000000        pass       
425        00000000        425        00000000        pass       
501        00000000        501        00000000        pass       
68         00000000        68         00000000        pass       
133        00000000        133        00000000        pass       
308        00000000        308        00000000        pass       
189        00000000        189        00000000        pass       
492        00000000        492        00000000        pass       
356        00000000        356        00000000        pass       
275        00000000        275        00000000        pass       
93         00000000        93         00000000        pass       
202        00000000        202        00000000        pass       
219        00000000        219        00000000        pass       
461        00000000        461        00000000        pass       
221        00000000        221        00000000        pass       
434        00000000        434        00000000        pass       
252        00000000        252        00000000        pass       
217        00000000        217        00000000        pass       
447        00000000        447        00000000        pass       
507        00000000        507        00000000        pass       
493        00000000        493        00000000        pass       
104        00000000        104        00000000        pass       
503        00000000        503        00000000        pass       
244        00000000        244        00000000        pass       
297        00000000        297        00000000        pass       
262        00000000        262        00000000        pass       
461        00000000        461        00000000        pass       
341        00000000        341        00000000        pass       
467        000086cd        467        000086cd        pass       
293        00000000        293        00000000        pass       
359        00000000        359        00000000        pass       
370        00000000        370        00000000        pass       
158        00000000        158        00000000        pass       
56         00000000        56         00000000        pass       
33         00000000        33         00000000        pass       
156        00000000        156        00000000        pass       
301        00000000        301        00000000        pass       
104        00000000        104        00000000        pass       
131        00000000        131        00000000        pass       
370        00000000        370        00000000        pass       
130        00000000        130        00000000        pass       
385        00000000        385        00000000        pass       
501        00000000        501        00000000        pass       
147        00000000        147        00000000        pass       
337        00000000        337        00000000        pass       
305        00000000        305        00000000        pass       
256        00000000        256        00000000        pass       
109        00000000        109        00000000        pass       
206        00000000        206        00000000        pass       
44         00000000        44         00000000        pass       
61         00000000        61         00000000        pass       
154        00000000        154        00000000        pass       
473        00000000        473        00000000        pass       
335        00000000        335        00000000        pass       
445        00000000        445        00000000        pass       
150        00000000        150        00000000        pass       
10         00000000        10         00000000        pass       
349        00000000        349        00000000        pass       
26         00000000        26         00000000        pass       
294        00000000        294        00000000        pass       
402        00000000        402        00000000        pass       
365        00000000        365        00000000        pass       
486        00000000        486        00000000        pass       
332        00000000        332        00000000        pass       
108        00000000        108        00000000        pass       
407        00000000        407        00000000        pass       
436        00000000        436        00000000        pass       
287        00000000        287        00000000        pass       
206        00000000        206        00000000        pass       
269        00000000        269        00000000        pass       
122        00000000        122        00000000        pass       
94         00000000        94         00000000        pass       
91         00000000        91         00000000        pass       
29         00000000        29         00000000        pass       
367        00000000        367        00000000        pass       
24         00000000        24         00000000        pass       
269        00000000        269        00000000        pass       
84         00000000        84         00000000        pass       
55         00000000        55         00000000        pass       
59         00000000        59         00000000        pass       
72         00000000        72         00000000        pass       
55         00000000        55         00000000        pass       
387        00000000        387        00000000        pass       
364        00000000        364        00000000        pass       
18         00000000        18         00000000        pass       
452        00000000        452        00000000        pass       
479        00000000        479        00000000        pass       
249        00000000        249        00000000        pass       
497        00000000        497        00000000        pass       
80         00000000        80         00000000        pass       
499        00000000        499        00000000        pass       
57         00000000        57         00000000        pass       
80         00000000        80         00000000        pass       
456        00000000        456        00000000        pass       
220        00000000        220        00000000        pass       
67         00000000        67         00000000        pass       
257        00000000        257        00000000        pass       
258        00000000        258        00000000        pass       
228        00000000        228        00000000        pass       
58         00000000        58         00000000        pass       
183        00000000        183        00000000        pass       
44         00000000        44         00000000        pass       
75         00000000        75         00000000        pass       
35         00000000        35         00000000        pass       
266        00000000        266        00000000        pass       
497        f8d30000        497        f8d30000        pass       
340        f8d30000        340        f8d30000        pass       
387        f8d30000        387        f8d30000        pass       
486        f8d30000        486        f8d30000        pass       
365        f8d30000        365        f8d30000        pass       
96         f8d30000        96         f8d30000        pass       
174        f8d30000        174        f8d30000        pass       
235        f8d30000        235        f8d30000        pass       
143        f8d30000        143        f8d30000        pass       
49         00000000        49         00000000        pass       
282        00000000        282        00000000        pass       
183        00000000        183        00000000        pass       
494        00000000        494        00000000        pass       
48         00000000        48         00000000        pass       
139        00000000        139        00000000        pass       
390        00000000        390        00000000        pass       
196        00000000        196        00000000        pass       
463        00000000        463        00000000        pass       
116        00000000        116        00000000        pass       
48         00c5f25f        48         00c5f25f        pass       
267        00000000        267        00000000        pass       
469        00000000        469        00000000        pass       
100        00000000        100        00000000        pass       
489        00000000        489        00000000        pass       
364        00000000        364        00000000        pass       
448        00000000        448        00000000        pass       
466        00000000        466        00000000        pass       
211        00000000        211        00000000        pass       
8          00000000        8          00000000        pass       
247        00000000        247        00000000        pass       
300        00000000        300        00000000        pass       
198        00000000        198        00000000        pass       
187        00000000        187        00000000        pass       
267        2e00b75d        267        2e00b75d        pass       
374        2e00b75d        374        2e00b75d        pass       
331        2e00b75d        331        2e00b75d        pass       
236        2e00b75d        236        2e00b75d        pass       
434        2e00b75d        434        2e00b75d        pass       
334        00000000        334        00000000        pass       
338        00000000        338        00000000        pass       
132        00000000        132        00000000        pass       
195        00000000        195        00000000        pass       
451        00000000        451        00000000        pass       
123        00000000        123        00000000        pass       
299        00000000        299        00000000        pass       
477        00000000        477        00000000        pass       
180        00000000        180        00000000        pass       
394        00000000        394        00000000        pass       
84         00000000        84         00000000        pass       
254        00000000        254        00000000        pass       
54         00000000        54         00000000        pass       
237        00000000        237        00000000        pass       
63         00000000        63         00000000        pass       
179        00000000        179        00000000        pass       
437        00000000        437        00000000        pass       
460        00000000        460        00000000        pass       
382        00000000        382        00000000        pass       
44         24260000        44         24260000        pass       
322        24260000        322        24260000        pass       
420        24260000        420        24260000        pass       
26         1700002f        26         1700002f        pass       
215        00000000        215        00000000        pass       
221        00000000        221        00000000        pass       
473        00000000        473        00000000        pass       
246        00000000        246        00000000        pass       
205        00000000        205        00000000        pass       
267        00000000        267        00000000        pass       
69         00000000        69         00000000        pass       
376        00000000        376        00000000        pass       
188        00000000        188        00000000        pass       
414        00000000        414        00000000        pass       
304        00000000        304        00000000        pass       
284        00000000        284        00000000        pass       
394        00000000        394        00000000        pass       
255        00000000        255        00000000        pass       
173        00000000        173        00000000        pass       
15         00000000        15         00000000        pass       
364        ddfc00bb        364        ddfc00bb        pass       
467        ddfc00bb        467        ddfc00bb        pass       
214        ddfc00bb        214        ddfc00bb        pass       
342        ddfc00bb        342        ddfc00bb        pass       
425        00000000        425        00000000        pass       
84         00000000        84         00000000        pass       
475        00000000        475        00000000        pass       
170        00000000        170        00000000        pass       
434        006a0000        434        006a0000        pass       
50         00000000        50         00000000        pass       
104        00000000        104        00000000        pass       
412        00000000        412        00000000        pass       
488        00000000        488        00000000        pass       
351        00500000        351        00500000        pass       
65         00500000        65         00500000        pass       
277        00500000        277        00500000        pass       
412        00500000        412        00500000        pass       
401        00500000        401        00500000        pass       
168        00500000        168        00500000        pass       
467        3f344b7e        467        3f344b7e        pass       
432        3f344b7e        432        3f344b7e        pass       
469        3f344b7e        469        3f344b7e        pass       
370        00000000        370        00000000        pass       
496        00000000        496        00000000        pass       
101        00000000        101        00000000        pass       
278        00000000        278        00000000        pass       
336        00000000        336        00000000        pass       
278        00000000        278        00000000        pass       
175        00000000        175        00000000        pass       
480        b3070066        480        b3070066        pass       
307        b3070066        307        b3070066        pass       
105        00000000        105        00000000        pass       
186        00000000        186        00000000        pass       
320        00000000        320        00000000        pass       
88         00000000        88         00000000        pass       
215        00000000        215        00000000        pass       
207        00000000        207        00000000        pass       
28         00000000        28         00000000        pass       
486        00000000        486        00000000        pass       
455        00000000        455        00000000        pass       
357        00000000        357        00000000        pass       
465        00000000        465        00000000        pass       
148        00000000        148        00000000        pass       
480        00000000        480        00000000        pass       
136        00000000        136        00000000        pass       
117        00000000        117        00000000        pass       
94         00000000        94         00000000        pass       
224        00000000        224        00000000        pass       
79         00000000        79         00000000        pass       
154        009600cf        154        009600cf        pass       
432        009600cf        432        009600cf        pass       
313        00000000        313        00000000        pass       
415        42e7a500        415        42e7a500        pass       
478        00000000        478        00000000        pass       
267        00000000        267        00000000        pass       
366        00000000        366        00000000        pass       
491        00000000        491        00000000        pass       
296        000058e6        296        000058e6        pass       
403        000058e6        403        000058e6        pass       
233        000058e6        233        000058e6        pass       
54         000058e6        54         000058e6        pass       
236        000058e6        236        000058e6        pass       
137        00000000        137        00000000        pass       
319        00000000        319        00000000        pass       
251        00000000        251        00000000        pass       
329        00000000        329        00000000        pass       
283        00000000        283        00000000        pass       
154        00000000        154        00000000        pass       
72         00000000        72         00000000        pass       
342        d7f844af        342        d7f844af        pass       
400        d7f844af        400        d7f844af        pass       
329        d7f844af        329        d7f844af        pass       
182        92000058        182        92000058        pass       
127        92000058        127        92000058        pass       
61         92000058        61         92000058        pass       
29         92000058        29         92000058        pass       
380        f5000400        380        f5000400        pass       
73         00000000        73         00000000        pass       
67         00000000        67         00000000        pass       
159        00000000        159        00000000        pass       
337        00000000        337        00000000        pass       
69         00000000        69         00000000        pass       
389        00000000        389        00000000        pass       
457        00000000        457        00000000        pass       
350        00000000        350        00000000        pass       
424        00000000        424        00000000        pass       
222        00000000        222        00000000        pass       
320        00000000        320        00000000        pass       
231        00000000        231        00000000        pass       
316        00000000        316        00000000        pass       
244        00000000        244        00000000        pass       
195        b200f065        195        b200f065        pass       
504        0000002d        504        0000002d        pass       
37         00000000        37         00000000        pass       
453        bc000079        453        bc000079        pass       
206        bc000079        206        bc000079        pass       
188        00000000        188        00000000        pass       
310        00000000        310        00000000        pass       
62         00000000        62         00000000        pass       
285        00000000        285        00000000        pass       
196        00000000        196        00000000        pass       
62         00000000        62         00000000        pass       
245        00000000        245        00000000        pass       
285        00000000        285        00000000        pass       
232        00000000        232        00000000        pass       
34         00001b00        34         00001b00        pass       
107        00001b00        107        00001b00        pass       
477        00001b00        477        00001b00        pass       
8          00000000        8          00000000        pass       
21         00000000        21         00000000        pass       
210        c5040000        210        c5040000        pass       
171        c5040000        171        c5040000        pass       
91         c5040000        91         c5040000        pass       
468        00000000        468        00000000        pass       
213        00000000        213        00000000        pass       
220        d2220000        220        d2220000        pass       
137        00000000        137        00000000        pass       
44         00000000        44         00000000        pass       
82         00000000        82         00000000        pass       
238        00000000        238        00000000        pass       
327        00000000        327        00000000        pass       
180        00000000        180        00000000        pass       
390        00000000        390        00000000        pass       
139        00000000        139        00000000        pass       
422        00000000        422        00000000        pass       
258        00000000        258        00000000        pass       
149        00000000        149        00000000        pass       
139        00000000        139        00000000        pass       
483        00000000        483        00000000        pass       
326        00000000        326        00000000        pass       
250        00000000        250        00000000        pass       
405        00000000        405        00000000        pass       
459        00000000        459        00000000        pass       
396        00000000        396        00000000        pass       
457        00000000        457        00000000        pass       
358        00000000        358        00000000        pass       
406        00000000        406        00000000        pass       
150        00000000        150        00000000        pass       
315        00000000        315        00000000        pass       
100        00000000        100        00000000        pass       
331        00000000        331        00000000        pass       
143        00000000        143        00000000        pass       
388        00000000        388        00000000        pass       
150        00000000        150        00000000        pass       
126        00000000        126        00000000        pass       
386        00000000        386        00000000        pass       
98         00000000        98         00000000        pass       
131        00000000        131        00000000        pass       
405        00000000        405        00000000        pass       
222        00000000        222        00000000        pass       
104        00000000        104        00000000        pass       
56         00000000        56         00000000        pass       
337        00000000        337        00000000        pass       
233        00000000        233        00000000        pass       
115        00000000        115        00000000        pass       
480        00000000        480        00000000        pass       
204        00000000        204        00000000        pass       
116        00000000        116        00000000        pass       
317        00000000        317        00000000        pass       
293        00000000        293        00000000        pass       
428        00005c38        428        00005c38        pass       
175        00005c38        175        00005c38        pass       
159        00005c38        159        00005c38        pass       
494        00005c38        494        00005c38        pass       
446        00005c38        446        00005c38        pass       
109        002fb4a2        109        002fb4a2        pass       
343        002fb4a2        343        002fb4a2        pass       
127        002fb4a2        127        002fb4a2        pass       
180        00000000        180        00000000        pass       
432        00000000        432        00000000        pass       
485        00000000        485        00000000        pass       
173        00000000        173        00000000        pass       
59         00000000        59         00000000        pass       
483        00000000        483        00000000        pass       
106        00000000        106        00000000        pass       
296        00000000        296        00000000        pass       
34         00000000        34         00000000        pass       
131        00000000        131        00000000        pass       
265        00000000        265        00000000        pass       
391        00000000        391        00000000        pass       
460        b0c65661        460        b0c65661        pass       
424        00000000        424        00000000        pass       
439        dc00dc00        439        dc00dc00        pass       
278        dc00dc00        278        dc00dc00        pass       
421        00000000        421        00000000        pass       
300        29003700        300        29003700        pass       
509        29003700        509        29003700        pass       
24         29003700        24         29003700        pass       
202        00000000        202        00000000        pass       
227        00000000        227        00000000        pass       
156        00000000        156        00000000        pass       
129        00000000        129        00000000        pass       
171        00000000        171        00000000        pass       
418        00000000        418        00000000        pass       
150        639a3f00        150        639a3f00        pass       
204        639a3f00        204        639a3f00        pass       
467        34000000        467        34000000        pass       
135        00000000        135        00000000        pass       
131        00000000        131        00000000        pass       
253        00000000        253        00000000        pass       
140        00000000        140        00000000        pass       
318        00000000        318        00000000        pass       
182        00000000        182        00000000        pass       
360        deb516bd        360        deb516bd        pass       
422        0c962119        422        0c962119        pass       
436        00000000        436        00000000        pass       
47         00000000        47         00000000        pass       
101        00000000        101        00000000        pass       
265        00000000        265        00000000        pass       
258        00000000        258        00000000        pass       
448        00000000        448        00000000        pass       
360        00de5c65        360        00de5c65        pass       
339        00de5c65        339        00de5c65        pass       
235        00de5c65        235        00de5c65        pass       
110        00de5c65        110        00de5c65        pass       
438        00de5c65        438        00de5c65        pass       
313        00000000        313        00000000        pass       
199        42e7a500        199        42e7a500        pass       
382        42e7a500        382        42e7a500        pass       
66         24260000        66         24260000        pass       
218        00000000        218        00000000        pass       
46         00000000        46         00000000        pass       
39         00000000        39         00000000        pass       
445        00000000        445        00000000        pass       
207        00000000        207        00000000        pass       
326        00000000        326        00000000        pass       
96         00000000        96         00000000        pass       
397        000900c0        397        000900c0        pass       
27         00000000        27         00000000        pass       
506        00000000        506        00000000        pass       
455        00000000        455        00000000        pass       
426        00000000        426        00000000        pass       
449        00000000        449        00000000        pass       
261        3f3e00c9        261        3f3e00c9        pass       
277        3f3e00c9        277        3f3e00c9        pass       
259        00000000        259        00000000        pass       
49         00000000        49         00000000        pass       
288        00000000        288        00000000        pass       
19         00000000        19         00000000        pass       
390        00000000        390        00000000        pass       
75         00000000        75         00000000        pass       
34         00000000        34         00000000        pass       
402        00000000        402        00000000        pass       
94         00000000        94         00000000        pass       
294        00000000        294        00000000        pass       
386        00000000        386        00000000        pass       
85         00000000        85         00000000        pass       
130        0000e255        130        0000e255        pass       
349        00000000        349        00000000        pass       
250        00000000        250        00000000        pass       
363        00000000        363        00000000        pass       
293        00000000        293        00000000        pass       
15         00005c38        15         00005c38        pass       
431        ddfc00bb        431        ddfc00bb        pass       
491        00040000        491        00040000        pass       
303        00040000        303        00040000        pass       
348        6a5d0000        348        6a5d0000        pass       
441        6a5d0000        441        6a5d0000        pass       
404        00882100        404        00882100        pass       
70         12950025        70         12950025        pass       
382        00000000        382        00000000        pass       
346        00000000        346        00000000        pass       
312        00000000        312        00000000        pass       
395        1d4d613a        395        1d4d613a        pass       
333        00570000        333        00570000        pass       
195        00570000        195        00570000        pass       
385        0000002d        385        0000002d        pass       
414        0000002d        414        0000002d        pass       
90         0000002d        90         0000002d        pass       
186        0000002d        186        0000002d        pass       
496        0000002d        496        0000002d        pass       
251        0000002d        251        0000002d        pass       
90         0000002d        90         0000002d        pass       
510        00000000        510        00000000        pass       
420        00000000        420        00000000        pass       
347        1700002f        347        1700002f        pass       
281        00000000        281        00000000        pass       
191        00000000        191        00000000        pass       
203        00000000        203        00000000        pass       
24         00000000        24         00000000        pass       
439        00000000        439        00000000        pass       
255        00000000        255        00000000        pass       
331        00000000        331        00000000        pass       
319        00000000        319        00000000        pass       
339        00000000        339        00000000        pass       
53         00000000        53         00000000        pass       
142        00000000        142        00000000        pass       
99         00000000        99         00000000        pass       
239        b9158e00        239        b9158e00        pass       
19         00000000        19         00000000        pass       
483        00000000        483        00000000        pass       
450        00000000        450        00000000        pass       
444        02286ad2        444        02286ad2        pass       
439        cf00009e        439        cf00009e        pass       
129        cf00009e        129        cf00009e        pass       
476        cf00009e        476        cf00009e        pass       
133        cf00009e        133        cf00009e        pass       
44         cf00009e        44         cf00009e        pass       
399        cf00009e        399        cf00009e        pass       
277        bd00007b        277        bd00007b        pass       
121        bd00007b        121        bd00007b        pass       
142        bd00007b        142        bd00007b        pass       
56         00000000        56         00000000        pass       
112        00000000        112        00000000        pass       
254        00006f00        254        00006f00        pass       
425        00000000        425        00000000        pass       
306        c50b3a8b        306        c50b3a8b        pass       
8          6486680d        8          6486680d        pass       
472        415f0082        472        415f0082        pass       
109        acfd4000        109        acfd4000        pass       
199        acfd4000        199        acfd4000        pass       
336        00000000        336        00000000        pass       
71         00000000        71         00000000        pass       
7          99006632        7          99006632        pass       
451        99006632        451        99006632        pass       
200        99006632        200        99006632        pass       
359        000b6882        359        000b6882        pass       
9          00000000        9          00000000        pass       
333        00000000        333        00000000        pass       
33         00000000        33         00000000        pass       
381        00000000        381        00000000        pass       
99         00000000        99         00000000        pass       
277        b9158e00        277        b9158e00        pass       
391        00000000        391        00000000        pass       
364        b0c65661        364        b0c65661        pass       
149        00000000        149        00000000        pass       
228        00000000        228        00000000        pass       
16         00000000        16         00000000        pass       
275        00000000        275        00000000        pass       
237        00000000        237        00000000        pass       
495        00000000        495        00000000        pass       
251        00000000        251        00000000        pass       
185        00000000        185        00000000        pass       
33         00000000        33         00000000        pass       
499        00000000        499        00000000        pass       
198        00000000        198        00000000        pass       
345        00000000        345        00000000        pass       
303        00000000        303        00000000        pass       
401        6a5d0009        401        6a5d0009        pass       
196        6a5d0009        196        6a5d0009        pass       
230        6a5d0009        230        6a5d0009        pass       
204        3600a36c        204        3600a36c        pass       
217        34000000        217        34000000        pass       
314        00000000        314        00000000        pass       
355        00280000        355        00280000        pass       
315        00000000        315        00000000        pass       
141        f27102e4        141        f27102e4        pass       
429        00c30000        429        00c30000        pass       
230        00c30000        230        00c30000        pass       
234        00c30000        234        00c30000        pass       
509        00c30000        509        00c30000        pass       
101        00000000        101        00000000        pass       
83         00000000        83         00000000        pass       
432        58d7010a        432        58d7010a        pass       
267        26498930        267        26498930        pass       
464        00000000        464        00000000        pass       
511        00000000        511        00000000        pass       
501        00000000        501        00000000        pass       
319        00000000        319        00000000        pass       
466        00000000        466        00000000        pass       
249        00000000        249        00000000        pass       
172        00000000        172        00000000        pass       
103        00000000        103        00000000        pass       
154        00000000        154        00000000        pass       
290        00000000        290        00000000        pass       
110        00000000        110        00000000        pass       
196        00400036        196        00400036        pass       
22         00000000        22         00000000        pass       
483        00a4fa00        483        00a4fa00        pass       
403        00000000        403        00000000        pass       
45         4700008e        45         4700008e        pass       
169        4700008e        169        4700008e        pass       
160        00000000        160        00000000        pass       
153        00000000        153        00000000        pass       
297        00000000        297        00000000        pass       
286        00000000        286        00000000        pass       
443        00000000        443        00000000        pass       
444        00000000        444        00000000        pass       
122        cf00009e        122        cf00009e        pass       
406        00000000        406        00000000        pass       
65         00000000        65         00000000        pass       
17         86d43a0d        17         86d43a0d        pass       
269        00000000        269        00000000        pass       
102        00000000        102        00000000        pass       
21         00000000        21         00000000        pass       
505        00000000        505        00000000        pass       
446        00000000        446        00000000        pass       
404        002fb4a2        404        002fb4a2        pass       
445        5b95f7b6        445        5b95f7b6        pass       
75         5b95f7b6        75         5b95f7b6        pass       
3          5b95f7b6        3          5b95f7b6        pass       
263        5b95f7b6        263        5b95f7b6        pass       
147        5b95f7b6        147        5b95f7b6        pass       
262        5b95f7b6        262        5b95f7b6        pass       
469        5b95f7b6        469        5b95f7b6        pass       
244        5b95f7b6        244        5b95f7b6        pass       
402        5b95f7b6        402        5b95f7b6        pass       
491        9101db22        491        9101db22        pass       
228        9101db22        228        9101db22        pass       
434        9101db22        434        9101db22        pass       
109        9101db22        109        9101db22        pass       
208        00000000        208        00000000        pass       
138        00050020        138        00050020        pass       
391        00000000        391        00000000        pass       
57         b0c65661        57         b0c65661        pass       
260        b0c65661        260        b0c65661        pass       
373        b0c65661        373        b0c65661        pass       
123        b0c65661        123        b0c65661        pass       
84         00ce0027        84         00ce0027        pass       
164        00ce0027        164        00ce0027        pass       
374        00000000        374        00000000        pass       
481        00003d00        481        00003d00        pass       
450        00000000        450        00000000        pass       
46         02286ad2        46         02286ad2        pass       
384        02286ad2        384        02286ad2        pass       
144        02286ad2        144        02286ad2        pass       
193        02286ad2        193        02286ad2        pass       
54         09540012        54         09540012        pass       
318        00000000        318        00000000        pass       
127        00000000        127        00000000        pass       
453        00000000        453        00000000        pass       
134        00000000        134        00000000        pass       
318        00000000        318        00000000        pass       
459        00000000        459        00000000        pass       
148        00000000        148        00000000        pass       
400        00000000        400        00000000        pass       
48         00000000        48         00000000        pass       
197        00000000        197        00000000        pass       
445        00000000        445        00000000        pass       
131        f445bec0        131        f445bec0        pass       
291        00000000        291        00000000        pass       
37         00ee003f        37         00ee003f        pass       
32         00ee003f        32         00ee003f        pass       
473        00000000        473        00000000        pass       
70         00000000        70         00000000        pass       
487        00000000        487        00000000        pass       
446        00000000        446        00000000        pass       
440        00000000        440        00000000        pass       
278        00000000        278        00000000        pass       
265        93d2b827        265        93d2b827        pass       
143        93d2b827        143        93d2b827        pass       
259        244c9d00        259        244c9d00        pass       
131        244c9d00        131        244c9d00        pass       
421        244c9d00        421        244c9d00        pass       
396        29003700        396        29003700        pass       
362        00007e00        362        00007e00        pass       
246        00007e00        246        00007e00        pass       
138        00000000        138        00000000        pass       
428        00000000        428        00000000        pass       
86         1900e533        86         1900e533        pass       
434        1900e533        434        1900e533        pass       
245        1900e533        245        1900e533        pass       
16         40b00081        16         40b00081        pass       
12         40b00081        12         40b00081        pass       
145        54b70000        145        54b70000        pass       
112        00000000        112        00000000        pass       
7          00000000        7          00000000        pass       
471        f6000000        471        f6000000        pass       
133        f6000000        133        f6000000        pass       
128        1e000000        128        1e000000        pass       
307        1e000000        307        1e000000        pass       
410        1e000000        410        1e000000        pass       
237        00de001b        237        00de001b        pass       
302        bf000000        302        bf000000        pass       
382        00000000        382        00000000        pass       
153        24260000        153        24260000        pass       
276        24260000        276        24260000        pass       
265        00000000        265        00000000        pass       
19         00000000        19         00000000        pass       
216        00000000        216        00000000        pass       
250        00000000        250        00000000        pass       
184        00000000        184        00000000        pass       
34         00000000        34         00000000        pass       
484        00000000        484        00000000        pass       
443        00000000        443        00000000        pass       
433        00000000        433        00000000        pass       
407        00c6cf00        407        00c6cf00        pass       
356        00c6cf00        356        00c6cf00        pass       
419        00000000        419        00000000        pass       
305        00000000        305        00000000        pass       
386        00000000        386        00000000        pass       
319        00000000        319        00000000        pass       
349        00000000        349        00000000        pass       
18         00000000        18         00000000        pass       
365        00000000        365        00000000        pass       
187        2549f900        187        2549f900        pass       
312        2e00b75d        312        2e00b75d        pass       
386        1d4d613a        386        1d4d613a        pass       
78         1d4d613a        78         1d4d613a        pass       
353        1d4d613a        353        1d4d613a        pass       
253        00000000        253        00000000        pass       
78         00000000        78         00000000        pass       
345        00000000        345        00000000        pass       
13         00000000        13         00000000        pass       
65         3b006576        65         3b006576        pass       
457        3b006576        457        3b006576        pass       
94         3b006576        94         3b006576        pass       
500        3b006576        500        3b006576        pass       
193        3b006576        193        3b006576        pass       
231        3b006576        231        3b006576        pass       
242        3b006576        242        3b006576        pass       
252        69320fd2        252        69320fd2        pass       
426        69320fd2        426        69320fd2        pass       
431        69320fd2        431        69320fd2        pass       
284        69320fd2        284        69320fd2        pass       
70         69320fd2        70         69320fd2        pass       
81         00000000        81         00000000        pass       
138        00000000        138        00000000        pass       
439        00000000        439        00000000        pass       
309        00000000        309        00000000        pass       
85         00000000        85         00000000        pass       
156        00000000        156        00000000        pass       
73         00000000        73         00000000        pass       
210        00000000        210        00000000        pass       
150        08000910        150        08000910        pass       
429        f209dce5        429        f209dce5        pass       
388        d3dc2ea7        388        d3dc2ea7        pass       
234        00000000        234        00000000        pass       
8          4e52975c        8          4e52975c        pass       
454        4e52975c        454        4e52975c        pass       
292        4e52975c        292        4e52975c        pass       
426        64c3d900        426        64c3d900        pass       
212        00000000        212        00000000        pass       
19         00000000        19         00000000        pass       
365        00000000        365        00000000        pass       
48         2549f900        48         2549f900        pass       
442        00000000        442        00000000        pass       
38         00000000        38         00000000        pass       
498        00000000        498        00000000        pass       
453        00000000        453        00000000        pass       
305        00000000        305        00000000        pass       
50         00000000        50         00000000        pass       
241        00000000        241        00000000        pass       
313        0bc80000        313        0bc80000        pass       
324        42e7a500        324        42e7a500        pass       
78         d6c134ad        78         d6c134ad        pass       
484        d6c134ad        484        d6c134ad        pass       
292        d6c134ad        292        d6c134ad        pass       
144        d6c134ad        144        d6c134ad        pass       
113        00000000        113        00000000        pass       
405        00000000        405        00000000        pass       
364        6dc3ef00        364        6dc3ef00        pass       
113        6dc3ef00        113        6dc3ef00        pass       
23         a0009841        23         a0009841        pass       
350        a0009841        350        a0009841        pass       
485        a0009841        485        a0009841        pass       
461        a0009841        461        a0009841        pass       
81         00000000        81         00000000        pass       
214        00000000        214        00000000        pass       
358        00000000        358        00000000        pass       
363        00000000        363        00000000        pass       
54         00000000        54         00000000        pass       
158        00000000        158        00000000        pass       
41         00000000        41         00000000        pass       
98         d5002a36        98         d5002a36        pass       
361        00000000        361        00000000        pass       
133        00000000        133        00000000        pass       
463        1e000000        463        1e000000        pass       
136        00000000        136        00000000        pass       
433        00000000        433        00000000        pass       
196        00000000        196        00000000        pass       
222        00000000        222        00000000        pass       
97         00000000        97         00000000        pass       
80         00000000        80         00000000        pass       
379        00000000        379        00000000        pass       
279        00000000        279        00000000        pass       
384        00000000        384        00000000        pass       
301        00000000        301        00000000        pass       
313        00000000        313        00000000        pass       
366        42e7a500        366        42e7a500        pass       
472        00000000        472        00000000        pass       
347        8efd401d        347        8efd401d        pass       
178        00000000        178        00000000        pass       
19         00000000        19         00000000        pass       
501        00000000        501        00000000        pass       
41         4900c774        41         4900c774        pass       
372        4900c774        372        4900c774        pass       
72         00001570        72         00001570        pass       
395        c6456a8c        395        c6456a8c        pass       
322        00570000        322        00570000        pass       
186        00000000        186        00000000        pass       
374        00000000        374        00000000        pass       
356        00000000        356        00000000        pass       
7          00000000        7          00000000        pass       
292        00000000        292        00000000        pass       
73         00000000        73         00000000        pass       
276        00000000        276        00000000        pass       
419        00000000        419        00000000        pass       
399        00000000        399        00000000        pass       
45         00000000        45         00000000        pass       
118        00000000        118        00000000        pass       
265        00c80073        265        00c80073        pass       
179        00c80073        179        00c80073        pass       
268        000037dc        268        000037dc        pass       
102        000037dc        102        000037dc        pass       
356        00000000        356        00000000        pass       
213        00000000        213        00000000        pass       
153        00000000        153        00000000        pass       
430        00000000        430        00000000        pass       
284        00000000        284        00000000        pass       
50         00000000        50         00000000        pass       
14         00000000        14         00000000        pass       
166        00000000        166        00000000        pass       
248        00000000        248        00000000        pass       
106        74004d00        106        74004d00        pass       
169        74004d00        169        74004d00        pass       
374        00000000        374        00000000        pass       
142        00003d00        142        00003d00        pass       
154        00003d00        154        00003d00        pass       
193        00003d00        193        00003d00        pass       
112        09540012        112        09540012        pass       
127        00006f00        127        00006f00        pass       
351        00006f00        351        00006f00        pass       
216        00000000        216        00000000        pass       
400        05cf000b        400        05cf000b        pass       
165        05cf000b        165        05cf000b        pass       
379        00f99465        379        00f99465        pass       
369        00f99465        369        00f99465        pass       
370        00000000        370        00000000        pass       
460        00000000        460        00000000        pass       
337        00000000        337        00000000        pass       
8          00000000        8          00000000        pass       
485        415f0082        485        415f0082        pass       
9          415f0082        9          415f0082        pass       
249        415f0082        249        415f0082        pass       
272        415f0082        272        415f0082        pass       
363        00000000        363        00000000        pass       
71         00000000        71         00000000        pass       
25         99006632        25         99006632        pass       
57         006e0000        57         006e0000        pass       
180        006e0000        180        006e0000        pass       
289        2c287458        289        2c287458        pass       
61         2c287458        61         2c287458        pass       
485        2c287458        485        2c287458        pass       
140        2c287458        140        2c287458        pass       
174        00000000        174        00000000        pass       
493        00000000        493        00000000        pass       
38         00000000        38         00000000        pass       
33         004e007b        33         004e007b        pass       
62         004e007b        62         004e007b        pass       
53         004e007b        53         004e007b        pass       
272        e5000000        272        e5000000        pass       
310        00000000        310        00000000        pass       
187        00000000        187        00000000        pass       
463        ba7b465d        463        ba7b465d        pass       
451        00000000        451        00000000        pass       
289        00000000        289        00000000        pass       
434        00000000        434        00000000        pass       
189        00000000        189        00000000        pass       
253        00000000        253        00000000        pass       
282        00000000        282        00000000        pass       
166        7d018a63        166        7d018a63        pass       
104        b600006c        104        b600006c        pass       
404        b600006c        404        b600006c        pass       
462        5b95f7b6        462        5b95f7b6        pass       
451        16ec410d        451        16ec410d        pass       
39         1a11dd34        39         1a11dd34        pass       
168        1a11dd34        168        1a11dd34        pass       
437        1a11dd34        437        1a11dd34        pass       
136        1a11dd34        136        1a11dd34        pass       
317        1a11dd34        317        1a11dd34        pass       
233        48013590        233        48013590        pass       
275        00860000        275        00860000        pass       
125        00000000        125        00000000        pass       
290        00000000        290        00000000        pass       
459        00000000        459        00000000        pass       
51         00000000        51         00000000        pass       
411        00000000        411        00000000        pass       
70         00000000        70         00000000        pass       
251        00000000        251        00000000        pass       
444        00000000        444        00000000        pass       
357        cfae009e        357        cfae009e        pass       
256        00000000        256        00000000        pass       
492        00000000        492        00000000        pass       
172        00000000        172        00000000        pass       
355        00000000        355        00000000        pass       
489        00000000        489        00000000        pass       
228        00000000        228        00000000        pass       
227        00000000        227        00000000        pass       
267        b4670068        267        b4670068        pass       
93         b4670068        93         b4670068        pass       
66         0000db00        66         0000db00        pass       
193        43001b87        193        43001b87        pass       
173        09540012        173        09540012        pass       
331        09540012        331        09540012        pass       
124        00004be2        124        00004be2        pass       
451        00000000        451        00000000        pass       
129        00000000        129        00000000        pass       
37         000000fe        37         000000fe        pass       
132        000000fe        132        000000fe        pass       
416        15f50000        416        15f50000        pass       
112        15f50000        112        15f50000        pass       
267        15f50000        267        15f50000        pass       
20         15f50000        20         15f50000        pass       
226        00000000        226        00000000        pass       
168        00000000        168        00000000        pass       
256        00000000        256        00000000        pass       
147        00000000        147        00000000        pass       
351        00000000        351        00000000        pass       
151        00000000        151        00000000        pass       
87         00000000        87         00000000        pass       
271        00000000        271        00000000        pass       
165        00000056        165        00000056        pass       
361        00000056        361        00000056        pass       
274        00000056        274        00000056        pass       
261        00000000        261        00000000        pass       
442        00000000        442        00000000        pass       
156        00000000        156        00000000        pass       
101        00000000        101        00000000        pass       
353        00000000        353        00000000        pass       
314        00000000        314        00000000        pass       
195        00280000        195        00280000        pass       
38         1cc0002d        38         1cc0002d        pass       
143        004e007b        143        004e007b        pass       
56         004e007b        56         004e007b        pass       
17         4f7a15ca        17         4f7a15ca        pass       
72         4f7a15ca        72         4f7a15ca        pass       
485        c6456a8c        485        c6456a8c        pass       
493        c6456a8c        493        c6456a8c        pass       
451        c6456a8c        451        c6456a8c        pass       
54         c6456a8c        54         c6456a8c        pass       
82         00000000        82         00000000        pass       
418        00000000        418        00000000        pass       
257        639a3f00        257        639a3f00        pass       
297        639a3f00        297        639a3f00        pass       
411        639a3f00        411        639a3f00        pass       
464        000021df        464        000021df        pass       
337        00000000        337        00000000        pass       
78         00000000        78         00000000        pass       
262        00000000        262        00000000        pass       
233        230e0046        233        230e0046        pass       
48         230e0046        48         230e0046        pass       
218        00000000        218        00000000        pass       
452        00000000        452        00000000        pass       
464        00000000        464        00000000        pass       
232        00000000        232        00000000        pass       
471        00000000        471        00000000        pass       
257        00000000        257        00000000        pass       
354        00000000        354        00000000        pass       
323        00000000        323        00000000        pass       
211        00000000        211        00000000        pass       
217        00000000        217        00000000        pass       
33         00000000        33         00000000        pass       
295        00000000        295        00000000        pass       
59         00000000        59         00000000        pass       
295        0b81f316        295        0b81f316        pass       
99         0b81f316        99         0b81f316        pass       
192        59d28e00        192        59d28e00        pass       
389        00000000        389        00000000        pass       
107        00000000        107        00000000        pass       
269        00000000        269        00000000        pass       
68         48f7fb3f        68         48f7fb3f        pass       
240        67b40000        240        67b40000        pass       
180        67b40000        180        67b40000        pass       
70         2c287458        70         2c287458        pass       
498        00000000        498        00000000        pass       
17         00000000        17         00000000        pass       
474        00000000        474        00000000        pass       
292        00000000        292        00000000        pass       
96         c006b000        96         c006b000        pass       
473        000900c0        473        000900c0        pass       
483        000900c0        483        000900c0        pass       
197        000900c0        197        000900c0        pass       
172        5500392d        172        5500392d        pass       
96         5500392d        96         5500392d        pass       
497        000900c0        497        000900c0        pass       
204        00000000        204        00000000        pass       
439        34000000        439        34000000        pass       
19         34000000        19         34000000        pass       
383        0013bc00        383        0013bc00        pass       
187        0013bc00        187        0013bc00        pass       
235        0013bc00        235        0013bc00        pass       
411        0013bc00        411        0013bc00        pass       
354        0013bc00        354        0013bc00        pass       
299        0013bc00        299        0013bc00        pass       
185        0013bc00        185        0013bc00        pass       
280        00000000        280        00000000        pass       
329        00000000        329        00000000        pass       
322        92000058        322        92000058        pass       
90         00000000        90         00000000        pass       
255        5a290000        255        5a290000        pass       
35         00000000        35         00000000        pass       
125        d835ef00        125        d835ef00        pass       
501        45f70000        501        45f70000        pass       
70         4900c774        70         4900c774        pass       
